State,District,Crude Birth Rate (CBR)-2010-11,Crude Birth Rate (CBR)-2011-12,Crude Birth Rate (CBR)-Change in points,Crude Death Rate (CDR)-2010-11,Crude Death Rate (CDR)-2011-12,Crude Death Rate (CDR)-Change in points,Infant Mortality rate (IMR)-2010-11,Infant Mortality rate (IMR)-2011-12,Infant Mortality rate (IMR)-Change in points,Neo- natal Mortality Rate-2010-11,Neo- natal Mortality Rate-2011-12,Neo- natal Mortality Rate-Change in points,Under Five Mortality Rate-2010-11,Under Five Mortality Rate-2011-12,Under Five Mortality Rate-Change in points,Maternal Mortality Rate (MMR)-2010-11,Maternal Mortality Rate (MMR)-2011-12,Maternal Mortality Rate (MMR)-Change in points,Sex Ratio at Birth (SRB)-2010-11,Sex Ratio at Birth (SRB)-2011-12,Sex Ratio at Birth (SRB)-Change in points,Sex Ratio (0-4 Years)-2010-11,Sex Ratio (0-4 Years)-2011-12,Sex Ratio (0-4 Years)-Change in points,Sex Ratio (Total)-2010-11,Sex Ratio (Total)-2011-12,Sex Ratio (Total)-Change in points
Assam,Assam Total,21.9,21.3,-0.6,7.2,7.1,-0.1,60,57,-3,39,38,-1,78,75,-3,381,347,-34,925,937,-12,956,957,-1,953,959,-6
Assam,Barpeta,20.8,20.6,-0.2,6.7,6.8,0.1,48,46,-2,33,34,1,65,63,-2,366,325,-41,887,908,-21,941,954,-13,936,939,-3
Assam,Bongaigaon,19.7,19.4,-0.3,6.2,6.1,-0.1,53,49,-4,31,29,-2,68,62,-6,366,325,-41,931,946,-15,984,982,2,948,949,-1
Assam,Cachar,26.5,25.8,-0.7,7.5,7.4,-0.1,57,54,-3,36,35,-1,79,76,-3,342,288,-54,929,929,0,953,961,-8,974,984,-10
Assam,Darrang,20.8,20.5,-0.3,8.3,8.2,-0.1,69,73,4,39,41,2,90,95,5,366,325,-41,953,974,-21,918,917,1,954,956,-2
Assam,Dhemaji,23,22.8,-0.2,4.5,4.4,-0.1,44,40,-4,27,26,-1,52,48,-4,367,314,-53,950,969,-19,972,961,11,949,951,-2
Assam,Dhubri,22.1,21.9,-0.2,7.1,7.1,0,72,68,-4,50,50,0,91,89,-2,366,325,-41,893,914,-21,960,969,-9,930,934,-4
Assam,Dibrugarh,20.1,19.4,-0.7,7.5,7.3,-0.2,55,52,-3,37,36,-1,71,70,-1,430,436,6,912,914,-2,950,954,-4,953,961,-8
Assam,Goalpara,22.5,21.9,-0.6,6.9,6.8,-0.1,56,56,0,39,40,1,74,74,0,366,325,-41,878,920,-42,957,925,32,946,948,-2
Assam,Golaghat,21.9,21.4,-0.5,8,7.9,-0.1,62,59,-3,47,45,-2,82,76,-6,430,436,6,923,940,-17,955,960,-5,959,968,-9
Assam,Hailakandi,32.1,31.2,-0.9,7,7.2,0.2,55,54,-1,36,35,-1,91,98,7,342,288,-54,810,796,14,874,864,10,942,949,-7
Assam,Jorhat,20,19.3,-0.7,8.2,8,-0.2,57,55,-2,43,42,-1,71,68,-3,430,436,6,962,973,-11,983,987,-4,975,984,-9
Assam,Kamrup,18.7,18,-0.7,5.9,5.7,-0.2,46,42,-4,30,28,-2,57,52,-5,366,325,-41,947,977,-30,960,970,-10,909,921,-12
Assam,Karbi Anglong,21.2,20.8,-0.4,6.9,6.9,0,59,59,0,36,36,0,77,78,1,342,288,-54,930,926,4,926,925,1,946,954,-8
Assam,Karimganj,25.8,25.5,-0.3,6.6,6.7,0.1,69,68,-1,46,46,0,83,80,-3,342,288,-54,913,922,-9,933,947,-14,964,977,-13
Assam,Kokrajhar,23.1,22.6,-0.5,7.7,7.6,-0.1,76,74,-2,41,42,1,103,100,-3,366,325,-41,892,893,-1,1017,996,21,953,952,1
Assam,Lakhimpur,24.4,23.6,-0.8,6.9,6.9,0,56,53,-3,41,37,-4,68,61,-7,367,314,-53,984,976,8,1010,1007,3,950,952,-2
Assam,Marigaon,23.5,23.2,-0.3,8.5,8.2,-0.3,72,66,-6,44,42,-2,93,85,-8,367,314,-53,920,910,10,944,939,5,956,960,-4
Assam,Nagaon,24.6,23.7,-0.9,8.1,8.1,0,66,64,-2,41,40,-1,86,82,-4,367,314,-53,943,954,-11,952,958,-6,964,974,-10
Assam,Nalbari,18.8,18.6,-0.2,7.4,7.4,0,64,59,-5,48,44,-4,88,84,-4,366,325,-41,937,984,-47,987,975,12,1039,1037,2
Assam,North Cachar Hills,18.6,18.3,-0.3,5.5,5.5,0,58,56,-2,35,33,-2,78,72,-6,342,288,-54,884,888,-4,940,941,-1,935,941,-6
Assam,Sibsagar,19.7,19.1,-0.6,8.1,8.1,0,58,56,-2,37,37,0,79,78,-1,430,436,6,926,923,3,952,951,1,959,967,-8
Assam,Sonitpur,19.8,19,-0.8,6.5,6.6,0.1,68,65,-3,46,43,-3,80,77,-3,367,314,-53,949,959,-10,977,980,-3,968,969,-1
Assam,Tinsukia,21.1,20.8,-0.3,7.5,7.3,-0.2,55,51,-4,39,37,-2,74,69,-5,430,436,6,942,948,-6,956,962,-6,962,972,-10
Bihar,Bihar Total,26.7,26.3,-0.4,7.2,7,-0.2,55,52,-3,35,34,-1,77,73,-4,305,294,-11,919,923,-4,931,925,6,950,951,-1
Bihar,Araria,30.9,30.7,-0.2,7.8,7.6,-0.2,61,56,-5,45,42,-3,87,80,-7,377,368,-9,906,911,-5,939,931,8,932,927,5
Bihar,Aurangabad,25.6,25.2,-0.4,6.4,6,-0.4,48,44,-4,29,28,-1,61,56,-5,331,315,-16,981,985,-4,968,968,0,999,1001,-2
Bihar,Banka,25.8,25.3,-0.5,6.1,5.7,-0.4,48,45,-3,30,29,-1,63,60,-3,321,317,-4,978,978,0,988,982,6,982,979,3
Bihar,Begusarai,26.6,26.2,-0.4,6.5,6.2,-0.3,46,43,-3,25,25,0,65,64,-1,295,283,-12,954,958,-4,948,953,-5,972,975,-3
Bihar,Bhagalpur,26.3,25.9,-0.4,5.5,5.2,-0.3,54,51,-3,34,31,-3,69,67,-2,321,317,-4,956,961,-5,924,919,5,901,904,-3
Bihar,Bhojpur,24.6,24,-0.6,5.8,5.5,-0.3,48,44,-4,27,26,-1,61,57,-4,258,241,-17,917,923,-6,929,917,12,997,998,-1
Bihar,Buxar,25.1,24.6,-0.5,6.8,6.4,-0.4,55,53,-2,32,31,-1,74,73,-1,258,241,-17,989,997,-8,967,960,7,980,983,-3
Bihar,Darbhanga,26.5,26.3,-0.2,8.8,8.6,-0.2,51,48,-3,31,30,-1,85,81,-4,288,280,-8,870,886,-16,908,893,15,917,923,-6
Bihar,Gaya,24.9,24.4,-0.5,7.4,7,-0.4,55,52,-3,31,30,-1,70,67,-3,331,315,-16,964,970,-6,979,973,6,1032,1034,-2
Bihar,Gopalganj,25.7,25.3,-0.4,6.5,6.3,-0.2,51,48,-3,38,38,0,66,62,-4,306,294,-12,892,899,-7,918,902,16,951,948,3
Bihar,Jamui,26.4,26.1,-0.3,6.7,6.2,-0.5,57,54,-3,33,31,-2,78,73,-5,295,283,-12,950,956,-6,953,952,1,986,988,-2
Bihar,Jehanabad,24.9,24.4,-0.5,6.2,5.8,-0.4,53,51,-2,31,31,0,67,65,-2,331,315,-16,935,936,-1,930,924,6,995,1000,-5
Bihar,Kaimur(bhabua),25,24.5,-0.5,6,5.5,-0.5,56,53,-3,31,29,-2,73,69,-4,258,241,-17,873,871,2,899,908,-9,946,954,-8
Bihar,Katihar,28.8,28.4,-0.4,6.5,6.4,-0.1,59,55,-4,42,40,-2,85,83,-2,377,368,-9,917,920,-3,943,928,15,971,976,-5
Bihar,Khagaria,30.7,30.4,-0.3,9.4,9.3,-0.1,66,63,-3,48,47,-1,103,99,-4,295,283,-12,908,922,-14,930,938,-8,895,897,-2
Bihar,Kishanganj,30.5,30.2,-0.3,6.5,6.4,-0.1,61,58,-3,47,45,-2,90,85,-5,377,368,-9,968,984,-16,986,988,-2,1056,1060,-4
Bihar,Lakhisarai,24,23.5,-0.5,6.5,6.2,-0.3,53,50,-3,29,27,-2,70,69,-1,295,283,-12,927,930,-3,914,909,5,943,946,-3
Bihar,Madhepura,30.1,29.7,-0.4,7.5,7.2,-0.3,71,68,-3,49,48,-1,101,96,-5,286,293,7,924,938,-14,942,950,-8,916,916,0
Bihar,Madhubani,24.7,24.3,-0.4,7.4,7.2,-0.2,54,52,-2,32,32,0,73,70,-3,288,280,-8,900,910,-10,914,901,13,924,926,-2
Bihar,Munger,25,24.7,-0.3,6.7,6.4,-0.3,51,48,-3,31,29,-2,63,62,-1,295,283,-12,926,930,-4,897,917,-20,920,920,0
Bihar,Muzaffarpur,25.5,25.3,-0.2,8.6,8.6,0,60,57,-3,40,38,-2,89,86,-3,319,302,-17,880,883,-3,902,896,6,910,911,-1
Bihar,Nalanda,26.3,25.9,-0.4,8,7.7,-0.3,52,49,-3,27,26,-1,80,77,-3,258,241,-17,928,933,-5,963,945,18,1015,1003,12
Bihar,Nawada,25,24.5,-0.5,5.9,5.7,-0.2,49,47,-2,31,30,-1,61,57,-4,331,315,-16,905,909,-4,949,952,-3,1037,1050,-13
Bihar,Pashchim Champaran,28.6,28.1,-0.5,8.9,8.7,-0.2,57,53,-4,37,34,-3,81,77,-4,319,302,-17,987,971,16,996,985,11,889,882,7
Bihar,Patna,21.8,21.4,-0.4,5.2,5,-0.2,39,37,-2,22,21,-1,53,50,-3,258,241,-17,912,915,-3,917,921,-4,909,925,-16
Bihar,Purba Champaran,30.4,29.6,-0.8,8.1,7.8,-0.3,57,53,-4,37,35,-2,75,69,-6,319,302,-17,896,896,0,924,908,16,898,898,0
Bihar,Purnia,27.6,27.2,-0.4,7.2,7.1,-0.1,62,58,-4,44,42,-2,102,97,-5,377,368,-9,874,878,-4,900,878,22,940,938,2
Bihar,Rohtas,25.9,25.6,-0.3,7,6.6,-0.4,52,49,-3,29,28,-1,65,62,-3,258,241,-17,912,913,-1,926,917,9,985,989,-4
Bihar,Saharsa,32.1,31.5,-0.6,7.8,7.6,-0.2,62,59,-3,41,40,-1,91,86,-5,286,293,7,924,929,-5,914,920,-6,928,928,0
Bihar,Samastipur,28.7,28.3,-0.4,6.9,6.7,-0.2,54,52,-2,38,36,-2,77,74,-3,288,280,-8,877,890,-13,875,884,-9,930,924,6
Bihar,Saran,24.5,24.2,-0.3,7.7,7.6,-0.1,52,51,-1,38,38,0,70,66,-4,306,294,-12,924,930,-6,922,923,-1,1010,1005,5
Bihar,Sheikhpura,28.9,28.5,-0.4,8.1,7.8,-0.3,58,56,-2,31,30,-1,76,75,-1,295,283,-12,898,901,-3,914,930,-16,1011,1014,-3
Bihar,Sheohar,31.2,30.8,-0.4,7.6,7.5,-0.1,50,47,-3,31,30,-1,87,83,-4,319,302,-17,927,937,-10,914,917,-3,947,939,8
Bihar,Sitamarhi,28,27.8,-0.2,9.6,9.3,-0.3,67,64,-3,43,42,-1,106,101,-5,319,302,-17,869,882,-13,877,872,5,948,944,4
Bihar,Siwan,26.1,25.8,-0.3,7.5,7.3,-0.2,49,46,-3,36,34,-2,73,68,-5,306,294,-12,937,945,-8,947,948,-1,966,961,5
Bihar,Supaul,28.5,28.1,-0.4,6.5,6.4,-0.1,64,61,-3,45,44,-1,89,86,-3,286,293,7,968,959,9,965,971,-6,941,950,-9
Bihar,Vaishali,27.3,26.7,-0.6,7.6,7.4,-0.2,50,47,-3,35,32,-3,70,67,-3,319,302,-17,891,892,-1,909,896,13,958,957,1
Chhattisgarh,Chhattisgarh Total,23.9,23.5,-0.4,7.6,7.4,-0.2,53,50,-3,36,35,-1,70,66,-4,275,263,-12,951,951,0,978,972,6,968,970,-2
Chhattisgarh,Bastar,21.5,21.4,-0.1,7.6,7.3,-0.3,47,44,-3,30,27,-3,61,57,-4,312,291,-21,908,932,-24,946,947,-1,985,989,-4
Chhattisgarh,Bilaspur,26.2,25.8,-0.4,7.5,7.1,-0.4,46,43,-3,29,29,0,60,56,-4,293,277,-16,909,925,-16,933,946,-13,939,943,-4
Chhattisgarh,Dantewada,24.9,24.2,-0.7,9,8.7,-0.3,54,48,-6,31,31,0,72,66,-6,312,291,-21,912,890,22,960,956,4,1001,1006,-5
Chhattisgarh,Dhamtari,21.9,21.5,-0.4,7.9,7.6,-0.3,55,53,-2,40,38,-2,66,63,-3,243,234,-9,1003,988,15,996,1023,-27,1000,994,6
Chhattisgarh,Durg,21,20.8,-0.2,6.7,6.3,-0.4,43,40,-3,29,27,-2,52,49,-3,243,234,-9,981,987,-6,1000,993,7,975,979,-4
Chhattisgarh,Janjgir-champa,21.9,21.2,-0.7,7.7,7.5,-0.2,53,51,-2,37,34,-3,67,64,-3,293,277,-16,921,895,26,970,933,37,965,969,-4
Chhattisgarh,Jashpur,23.3,22.9,-0.4,9.4,9.2,-0.2,64,62,-2,40,39,-1,100,92,-8,286,282,-4,990,987,3,997,987,10,968,970,-2
Chhattisgarh,Kanker,21.6,21.1,-0.5,5.7,5.7,0,50,49,-1,29,29,0,67,65,-2,312,291,-21,910,887,23,957,897,60,992,993,-1
Chhattisgarh,Kawardha,30,29.8,-0.2,8.7,8.8,0.1,62,61,-1,44,44,0,78,77,-1,243,234,-9,1008,989,19,1076,1002,74,972,982,-10
Chhattisgarh,Korba,23,22.8,-0.2,6.5,6.4,-0.1,52,52,0,40,40,0,63,62,-1,293,277,-16,993,1005,-12,1008,1008,0,958,956,2
Chhattisgarh,Koriya,21.2,21,-0.2,6.9,6.5,-0.4,64,59,-5,44,41,-3,80,75,-5,286,282,-4,876,876,0,917,907,10,931,933,-2
Chhattisgarh,Mahasamund,23.4,23.2,-0.2,8.8,8.6,-0.2,63,61,-2,42,40,-2,77,73,-4,243,234,-9,923,916,7,933,897,36,985,991,-6
Chhattisgarh,Raigarh,21.7,21.7,0,8,7.8,-0.2,65,59,-6,45,42,-3,80,71,-9,293,277,-16,987,994,-7,993,1015,-22,985,983,2
Chhattisgarh,Raipur,26.1,25.5,-0.6,7.2,7,-0.2,50,49,-1,38,38,0,62,60,-2,243,234,-9,969,973,-4,991,1000,-9,962,962,0
Chhattisgarh,Rajnandgaon,24.6,24.2,-0.4,7.7,7.6,-0.1,55,55,0,42,41,-1,65,63,-2,243,234,-9,1004,1016,-12,1021,1036,-15,993,988,5
Chhattisgarh,Surguja,27.3,26.6,-0.7,9,8.8,-0.2,57,55,-2,31,31,0,103,96,-7,286,282,-4,914,900,14,959,951,8,945,951,-6
Jharkhand,Jharkhand Total,23.7,23.3,-0.4,6.1,5.8,-0.3,41,38,-3,26,24,-2,59,55,-4,278,267,-11,923,928,-5,937,938,-1,942,944,-2
Jharkhand,Bokaro,23.6,23.2,-0.4,5.6,5.4,-0.2,29,28,-1,21,20,-1,43,41,-2,208,197,-11,893,893,0,895,898,-3,901,908,-7
Jharkhand,Chatra,24.3,23.9,-0.4,5.4,4.9,-0.5,52,46,-6,31,28,-3,66,59,-7,208,197,-11,949,953,-4,976,1031,-55,980,960,20
Jharkhand,Deoghar,22.5,22.2,-0.3,5,4.7,-0.3,40,34,-6,22,19,-3,52,46,-6,325,318,-7,928,933,-5,952,980,-28,901,914,-13
Jharkhand,Dhanbad,24.3,24,-0.3,5.2,5.1,-0.1,28,26,-2,21,20,-1,43,40,-3,208,197,-11,890,898,-8,893,895,-2,896,904,-8
Jharkhand,Dumka,25.7,25.3,-0.4,6.9,6.7,-0.2,45,44,-1,34,32,-2,59,57,-2,325,318,-7,914,919,-5,922,932,-10,955,963,-8
Jharkhand,Garhwa,23.8,23.4,-0.4,5.1,4.8,-0.3,40,36,-4,24,22,-2,55,52,-3,310,320,10,957,962,-5,943,946,-3,922,929,-7
Jharkhand,Giridih,22.5,22,-0.5,4.6,4.4,-0.2,36,32,-4,22,20,-2,49,44,-5,208,197,-11,985,989,-4,963,959,4,1002,964,38
Jharkhand,Godda,23.6,23.3,-0.3,7.2,6.8,-0.4,64,58,-6,35,32,-3,93,85,-8,325,318,-7,947,949,-2,973,1002,-29,923,925,-2
Jharkhand,Gumla,26,25.6,-0.4,9.1,8.8,-0.3,48,45,-3,33,31,-2,75,72,-3,294,270,-24,938,944,-6,951,950,1,983,988,-5
Jharkhand,Hazaribagh,20.5,20.2,-0.3,5,4.7,-0.3,37,31,-6,18,15,-3,46,40,-6,208,197,-11,894,899,-5,924,903,21,950,951,-1
Jharkhand,Kodarma,23.2,22.8,-0.4,5,4.7,-0.3,36,30,-6,23,20,-3,45,38,-7,208,197,-11,969,973,-4,962,984,-22,951,954,-3
Jharkhand,Lohardaga,27.9,27.5,-0.4,8.3,8.1,-0.2,54,54,0,41,41,0,72,72,0,294,270,-24,915,919,-4,942,940,2,973,979,-6
Jharkhand,Pakaur,29.7,29.5,-0.2,7.3,7,-0.3,59,54,-5,36,34,-2,83,81,-2,325,318,-7,909,913,-4,943,884,59,945,943,2
Jharkhand,Palamu,22.8,22.3,-0.5,5.9,5.4,-0.5,49,44,-5,28,25,-3,64,59,-5,310,320,10,944,953,-9,970,988,-18,945,939,6
Jharkhand,Pashchimi Singhbhum,25.8,25.5,-0.3,7.8,7.8,0,55,53,-2,36,34,-2,92,86,-6,291,275,-16,977,977,0,998,994,4,976,984,-8
Jharkhand,Purbi Singhbhum,21,20.4,-0.6,5.6,5.3,-0.3,26,25,-1,17,16,-1,36,35,-1,291,275,-16,884,889,-5,901,900,1,928,939,-11
Jharkhand,Ranchi,23.5,23.1,-0.4,6.3,6.2,-0.1,35,32,-3,24,22,-2,53,50,-3,294,270,-24,900,905,-5,920,919,1,952,960,-8
Jharkhand,Sahibganj,24.4,24,-0.4,7.3,6.8,-0.5,59,56,-3,37,34,-3,88,83,-5,325,318,-7,928,932,-4,930,942,-12,934,936,-2
Madhya Pradesh,Madhya Pradesh Total,25,24.8,-0.2,8,7.8,-0.2,67,65,-2,44,43,-1,89,86,-3,310,277,-33,904,904,0,911,915,-4,912,916,-4
Madhya Pradesh,Balaghat,23.2,22.7,-0.5,9.2,8.8,-0.4,66,62,-4,50,47,-3,78,73,-5,310,298,-12,968,975,-7,971,970,1,1002,1004,-2
Madhya Pradesh,Barwani,32.2,31.4,-0.8,11.6,11.5,-0.1,69,67,-2,42,42,0,94,90,-4,278,215,-63,972,959,13,964,962,2,946,946,0
Madhya Pradesh,Betul,24.3,23.9,-0.4,9,8.6,-0.4,68,64,-4,48,46,-2,79,74,-5,296,280,-16,845,861,-16,868,865,3,922,927,-5
Madhya Pradesh,Bhind,23.7,23.2,-0.5,6.6,6.7,0.1,53,53,0,29,30,1,66,67,1,311,279,-32,877,879,-2,848,853,-5,854,854,0
Madhya Pradesh,Bhopal,19.2,18.8,-0.4,5.8,5.7,-0.1,50,49,-1,28,30,2,64,62,-2,287,271,-16,912,915,-3,934,938,-4,900,908,-8
Madhya Pradesh,Chhatarpur,29.8,29.7,-0.1,8,7.9,-0.1,72,68,-4,51,49,-2,89,85,-4,397,386,-11,885,892,-7,925,927,-2,886,884,2
Madhya Pradesh,Chhindwara,23.4,23.1,-0.3,8.3,8.3,0,72,70,-2,49,47,-2,85,81,-4,310,298,-12,898,908,-10,910,907,3,952,953,-1
Madhya Pradesh,Damoh,29.2,29,-0.2,10.7,10.5,-0.2,80,77,-3,61,58,-3,117,111,-6,397,386,-11,937,927,10,956,969,-13,914,915,-1
Madhya Pradesh,Datia,19.8,19.4,-0.4,6.6,6.5,-0.1,75,73,-2,43,43,0,99,95,-4,262,202,-60,848,839,9,817,817,0,840,847,-7
Madhya Pradesh,Dewas,21.8,21.4,-0.4,5.6,5.5,-0.1,59,57,-2,34,33,-1,80,78,-2,268,206,-62,909,907,2,935,937,-2,924,928,-4
Madhya Pradesh,Dhar,25,24.6,-0.4,6.2,6.1,-0.1,57,54,-3,34,33,-1,70,66,-4,278,215,-63,939,944,-5,903,899,4,941,947,-6
Madhya Pradesh,Dindori,30,29.4,-0.6,10.7,10.4,-0.3,72,70,-2,47,47,0,104,100,-4,435,415,-20,1006,1010,-4,986,983,3,988,996,-8
Madhya Pradesh,East Nimar,23.6,23.4,-0.2,8.1,7.9,-0.2,68,68,0,45,44,-1,101,99,-2,278,215,-63,895,896,-1,913,919,-6,915,920,-5
Madhya Pradesh,Guna,28.7,28.5,-0.2,8.5,8.4,-0.1,79,77,-2,48,48,0,96,95,-1,262,202,-60,853,856,-3,864,866,-2,871,879,-8
Madhya Pradesh,Gwalior,18.5,18.2,-0.3,6.2,5.9,-0.3,51,49,-2,35,32,-3,69,66,-3,262,202,-60,807,802,5,815,814,1,852,859,-7
Madhya Pradesh,Harda,25,24.9,-0.1,7.2,7.1,-0.1,64,65,1,42,43,1,80,79,-1,296,280,-16,924,920,4,953,970,-17,908,914,-6
Madhya Pradesh,Hoshangabad,22.2,21.9,-0.3,7.7,7.5,-0.2,68,63,-5,49,47,-2,80,74,-6,296,280,-16,918,903,15,931,944,-13,906,915,-9
Madhya Pradesh,Indore,19.6,20,0.4,5.5,5.4,-0.1,40,39,-1,25,25,0,51,48,-3,278,215,-63,862,871,-9,882,880,2,905,906,-1
Madhya Pradesh,Jabalpur,21.9,21.5,-0.4,6.1,6,-0.1,51,51,0,36,36,0,58,57,-1,310,298,-12,835,832,3,877,878,-1,921,930,-9
Madhya Pradesh,Jhabua,24,23.8,-0.2,5.8,5.7,-0.1,68,66,-2,40,39,-1,92,90,-2,278,215,-63,942,948,-6,927,931,-4,944,955,-11
Madhya Pradesh,Katni,27.6,27,-0.6,10.3,9.7,-0.6,70,68,-2,50,50,0,93,87,-6,310,298,-12,977,972,5,1010,1020,-10,939,949,-10
Madhya Pradesh,Mandla,26,25.3,-0.7,8.7,8.5,-0.2,71,70,-1,48,48,0,89,87,-2,310,298,-12,990,996,-6,989,1006,-17,1003,1004,-1
Madhya Pradesh,Mandsaur,19,18.7,-0.3,7.1,6.9,-0.2,64,62,-2,37,36,-1,85,82,-3,268,206,-62,910,913,-3,907,907,0,940,948,-8
Madhya Pradesh,Morena,23.6,24,0.4,7.9,7.8,-0.1,64,60,-4,36,36,0,87,79,-8,311,279,-32,857,855,2,787,792,-5,818,826,-8
Madhya Pradesh,Narsimhapur,27.5,26.9,-0.6,7.6,7.4,-0.2,68,67,-1,47,44,-3,77,75,-2,310,298,-12,894,877,17,932,941,-9,901,901,0
Madhya Pradesh,Neemuch,22.4,22.1,-0.3,6.1,5.8,-0.3,59,56,-3,38,37,-1,75,70,-5,268,206,-62,942,933,9,913,913,0,933,933,0
Madhya Pradesh,Panna,31.7,31.5,-0.2,11.5,11.3,-0.2,93,90,-3,66,65,-1,140,133,-7,397,386,-11,972,942,30,975,974,1,908,906,2
Madhya Pradesh,Raisen,28.2,27.4,-0.8,7.9,8,0.1,78,74,-4,54,51,-3,99,92,-7,287,271,-16,929,923,6,952,955,-3,885,893,-8
Madhya Pradesh,Rajgarh,26.3,25.9,-0.4,7.8,7.6,-0.2,63,61,-2,42,41,-1,83,79,-4,287,271,-16,896,894,2,937,940,-3,908,915,-7
Madhya Pradesh,Ratlam,27.3,27,-0.3,7.8,7.7,-0.1,66,66,0,40,38,-2,96,95,-1,268,206,-62,886,886,0,884,884,0,935,934,1
Madhya Pradesh,Rewa,26,26.1,0.1,8.2,7.9,-0.3,73,70,-3,48,47,-1,102,100,-2,336,320,-16,950,966,-16,945,959,-14,961,955,6
Madhya Pradesh,Sagar,28.3,28.2,-0.1,9.1,8.9,-0.2,70,70,0,58,56,-2,97,93,-4,397,386,-11,844,863,-19,906,903,3,886,883,3
Madhya Pradesh,Satna,28.8,28.3,-0.5,10.5,10.1,-0.4,90,87,-3,63,59,-4,130,126,-4,336,320,-16,929,908,21,910,923,-13,932,940,-8
Madhya Pradesh,Sehore,27.8,26.7,-1.1,7.9,7.2,-0.7,70,67,-3,46,44,-2,87,85,-2,287,271,-16,929,913,16,947,947,0,876,876,0
Madhya Pradesh,Seoni,26.4,26.2,-0.2,9.6,9.1,-0.5,73,70,-3,50,48,-2,92,90,-2,310,298,-12,924,931,-7,912,912,0,963,966,-3
Madhya Pradesh,Shahdol,24.5,24.2,-0.3,10.1,9.8,-0.3,77,73,-4,49,46,-3,92,88,-4,435,415,-20,967,962,5,978,997,-19,955,958,-3
Madhya Pradesh,Shajapur,24.9,24.6,-0.3,8.3,8.2,-0.1,60,60,0,41,41,0,86,84,-2,268,206,-62,886,888,-2,909,910,-1,902,908,-6
Madhya Pradesh,Sheopur,22.7,22.3,-0.4,7.4,7.1,-0.3,74,71,-3,42,42,0,101,98,-3,311,279,-32,972,978,-6,960,964,-4,885,893,-8
Madhya Pradesh,Shivpuri,31.3,30.9,-0.4,9.4,9.5,0.1,71,70,-1,45,44,-1,105,101,-4,262,202,-60,891,901,-10,873,874,-1,875,875,0
Madhya Pradesh,Sidhi,26.1,26.2,0.1,7.8,7.6,-0.2,72,71,-1,54,54,0,118,116,-2,336,320,-16,918,921,-3,928,916,12,910,915,-5
Madhya Pradesh,Tikamgarh,26.3,26,-0.3,7.4,7.2,-0.2,67,65,-2,48,46,-2,91,88,-3,397,386,-11,890,890,0,900,905,-5,883,889,-6
Madhya Pradesh,Ujjain,24.4,24,-0.4,6.4,6.1,-0.3,59,56,-3,33,32,-1,77,74,-3,268,206,-62,933,926,7,913,914,-1,916,917,-1
Madhya Pradesh,Umaria,29.9,29.7,-0.2,10.7,10.3,-0.4,67,64,-3,48,45,-3,110,107,-3,435,415,-20,946,930,16,965,967,-2,940,937,3
Madhya Pradesh,Vidisha,29.9,29.7,-0.2,9.6,9.1,-0.5,72,68,-4,52,51,-1,101,97,-4,287,271,-16,885,901,-16,882,905,-23,873,878,-5
Madhya Pradesh,West Nimar,26.2,25.9,-0.3,11.6,11.7,0.1,58,56,-2,35,35,0,80,77,-3,278,215,-63,870,873,-3,909,911,-2,926,929,-3
Orissa,Orissa Total,20,19.8,-0.2,8.3,8.2,-0.1,62,59,-3,40,39,-1,82,79,-3,277,237,-40,905,903,2,933,932,1,994,995,-1
Orissa,Anugul,18.1,17.5,-0.6,7.3,6.9,-0.4,50,48,-2,31,32,1,60,58,-2,253,212,-41,834,855,-21,855,852,3,974,973,1
Orissa,Balangir,21.1,20.8,-0.3,10.5,10.3,-0.2,100,98,-2,75,72,-3,115,110,-5,253,212,-41,940,931,9,979,986,-7,973,975,-2
Orissa,Baleshwar,19.2,18.8,-0.4,7.1,6.8,-0.3,49,47,-2,35,34,-1,58,53,-5,276,222,-54,917,902,15,941,941,0,1048,1051,-3
Orissa,Bargarh,17.7,17.6,-0.1,10.1,9.9,-0.2,66,62,-4,51,48,-3,74,72,-2,253,212,-41,868,853,15,901,884,17,967,969,-2
Orissa,Baudh,29.5,28.8,-0.7,10.6,10.5,-0.1,64,60,-4,48,46,-2,89,88,-1,311,297,-14,925,928,-3,984,997,-13,970,977,-7
Orissa,Bhadrak,20.9,20.5,-0.4,8.3,8,-0.3,55,51,-4,35,34,-1,66,61,-5,276,222,-54,874,863,11,888,900,-12,1070,1069,1
Orissa,Cuttack,19.6,19.5,-0.1,6.9,6.8,-0.1,63,61,-2,39,38,-1,91,88,-3,276,222,-54,944,942,2,924,921,3,961,959,2
Orissa,Debagarh,18,18.4,0.4,8.6,8.7,0.1,58,62,4,41,45,4,72,78,6,253,212,-41,889,941,-52,948,945,3,991,992,-1
Orissa,Dhenkanal,20.6,20.9,0.3,10.9,10.6,-0.3,76,69,-7,54,47,-7,90,80,-10,253,212,-41,856,868,-12,861,853,8,1035,1036,-1
Orissa,Gajapati,20.4,20.2,-0.2,7.8,7.8,0,65,61,-4,32,30,-2,85,82,-3,311,297,-14,912,907,5,983,960,23,993,991,2
Orissa,Ganjam,18.9,19,0.1,8.4,8.5,0.1,61,59,-2,38,37,-1,93,90,-3,311,297,-14,872,875,-3,919,914,5,1020,1017,3
Orissa,Jagatsinghapur,17.6,17.7,0.1,7.2,7.1,-0.1,56,51,-5,32,30,-2,67,64,-3,276,222,-54,947,946,1,929,930,-1,985,982,3
Orissa,Jajapur,18.3,18.3,0,7.8,7.8,0,53,50,-3,40,37,-3,63,59,-4,276,222,-54,903,890,13,926,933,-7,1018,1021,-3
Orissa,Jharsuguda,17.4,17,-0.4,8.4,8.1,-0.3,51,47,-4,41,37,-4,58,55,-3,253,212,-41,870,892,-22,898,897,1,936,940,-4
Orissa,Kalahandi,20.1,20.2,0.1,6.7,6.7,0,59,56,-3,32,30,-2,77,75,-2,311,297,-14,904,902,2,900,898,2,957,962,-5
Orissa,Kandhamal,21.4,21.2,-0.2,8.9,9,0.1,88,86,-2,43,41,-2,145,142,-3,311,297,-14,885,883,2,986,996,-10,977,974,3
Orissa,Kendrapara,18.7,18.7,0,9.2,9,-0.2,64,61,-3,45,44,-1,70,66,-4,276,222,-54,899,942,-43,962,953,9,1101,1102,-1
Orissa,Kendujhar,20.5,20.3,-0.2,9.4,9.3,-0.1,58,57,-1,41,43,2,85,81,-4,253,212,-41,937,922,15,992,988,4,1016,1019,-3
Orissa,Khordha,18.9,18.9,0,8.4,8.4,0,76,72,-4,46,45,-1,102,100,-2,276,222,-54,904,901,3,925,931,-6,941,943,-2
Orissa,Koraput,25.8,25.1,-0.7,8,7.9,-0.1,56,53,-3,36,34,-2,72,69,-3,311,297,-14,913,909,4,992,982,10,1012,1013,-1
Orissa,Malkangiri,24.5,24.4,-0.1,7,7.1,0.1,55,52,-3,33,33,0,79,77,-2,311,297,-14,932,936,-4,986,980,6,1007,1010,-3
Orissa,Mayurbhanj,20.2,19.8,-0.4,9,8.7,-0.3,53,50,-3,38,38,0,72,73,1,276,222,-54,936,930,6,983,973,10,1025,1021,4
Orissa,Nabarangapur,24.1,24.1,0,7.7,7.7,0,54,51,-3,32,29,-3,87,85,-2,311,297,-14,951,949,2,960,965,-5,982,982,0
Orissa,Nayagarh,21.2,20.6,-0.6,9.3,9.1,-0.2,67,65,-2,40,38,-2,86,83,-3,276,222,-54,832,830,2,845,837,8,957,956,1
Orissa,Nuapada,22.8,22.5,-0.3,7.3,7.6,0.3,56,52,-4,33,31,-2,75,74,-1,311,297,-14,930,930,0,955,964,-9,961,963,-2
Orissa,Puri,17.5,17.5,0,8.8,8.9,0.1,80,78,-2,42,42,0,108,105,-3,276,222,-54,906,901,5,903,899,4,966,966,0
Orissa,Rayagada,22.8,22.7,-0.1,8.5,8.5,0,65,61,-4,32,30,-2,105,103,-2,311,297,-14,906,902,4,959,970,-11,1034,1037,-3
Orissa,Sambalpur,18.9,18.6,-0.3,9.6,9.3,-0.3,56,52,-4,35,32,-3,73,67,-6,253,212,-41,877,863,14,893,885,8,975,975,0
Orissa,Sonapur,21.1,20.9,-0.2,7.7,7.7,0,54,52,-2,36,35,-1,84,81,-3,253,212,-41,917,919,-2,946,942,4,939,936,3
Orissa,Sundargarh,18.2,17.9,-0.3,7.2,7.2,0,55,49,-6,39,34,-5,65,58,-7,253,212,-41,900,899,1,931,942,-11,953,954,-1
Rajasthan,Rajasthan Total,24.7,24.4,-0.3,6.6,6.4,-0.2,60,57,-3,40,38,-2,79,76,-3,331,264,-67,878,883,-5,870,875,-5,925,929,-4
Rajasthan,Ajmer,23.8,23.6,-0.2,6.4,6.4,0,57,53,-4,34,33,-1,77,75,-2,338,293,-45,887,892,-5,875,877,-2,938,942,-4
Rajasthan,Alwar,22.9,22.6,-0.3,5.9,5.9,0,59,56,-3,35,34,-1,82,77,-5,319,238,-81,882,891,-9,870,872,-2,882,886,-4
Rajasthan,Banswara,30.8,30.3,-0.5,7.7,7.3,-0.4,62,57,-5,41,36,-5,99,96,-3,364,285,-79,927,929,-2,908,920,-12,975,976,-1
Rajasthan,Baran,25.7,24.9,-0.8,6.8,6.5,-0.3,62,58,-4,41,36,-5,79,74,-5,343,261,-82,923,913,10,907,903,4,929,934,-5
Rajasthan,Barmer,32.5,31.8,-0.7,6.4,6,-0.4,72,69,-3,54,52,-2,86,82,-4,322,262,-60,922,917,5,916,914,2,986,982,4
Rajasthan,Bharatpur,23.8,23.4,-0.4,6,5.9,-0.1,55,52,-3,42,39,-3,75,72,-3,292,251,-41,865,868,-3,834,839,-5,874,876,-2
Rajasthan,Bhilwara,22.4,22.2,-0.2,7.5,7.4,-0.1,68,66,-2,48,47,-1,85,84,-1,338,293,-45,968,979,-11,987,992,-5,952,962,-10
Rajasthan,Bikaner,24.9,24.6,-0.3,6.4,6.3,-0.1,54,52,-2,37,35,-2,72,70,-2,343,263,-80,905,906,-1,919,924,-5,911,913,-2
Rajasthan,Bundi,23.7,23.3,-0.4,7.8,7.6,-0.2,65,63,-2,45,44,-1,81,82,1,343,261,-82,894,908,-14,894,907,-13,908,916,-8
Rajasthan,Chittaurgarh,21.4,21,-0.4,5.7,5.6,-0.1,62,62,0,45,45,0,75,76,1,364,285,-79,912,913,-1,934,927,7,951,966,-15
Rajasthan,Churu,23.4,23.1,-0.3,6.3,6.2,-0.1,55,51,-4,36,33,-3,69,65,-4,343,263,-80,894,894,0,874,876,-2,965,967,-2
Rajasthan,Dausa,22.4,22.1,-0.3,6.6,6.5,-0.1,57,55,-2,33,32,-1,87,85,-2,319,238,-81,841,846,-5,837,842,-5,889,892,-3
Rajasthan,Dhaulpur,29.1,28.9,-0.2,5.9,5.9,0,63,61,-2,36,37,1,77,74,-3,292,251,-41,820,836,-16,826,845,-19,822,830,-8
Rajasthan,Dungarpur,28,27.6,-0.4,6.5,6.3,-0.2,67,64,-3,43,41,-2,87,84,-3,364,285,-79,872,881,-9,893,898,-5,1001,1006,-5
Rajasthan,Ganganagar,22.7,22.2,-0.5,6.3,6.3,0,60,55,-5,39,36,-3,79,74,-5,343,263,-80,889,894,-5,861,863,-2,882,883,-1
Rajasthan,Hanumangarh,23.6,23.2,-0.4,6.3,6.3,0,54,50,-4,35,33,-2,73,66,-7,343,263,-80,874,876,-2,843,844,-1,883,885,-2
Rajasthan,Jaipur,23.1,22.9,-0.2,5.9,5.8,-0.1,55,52,-3,39,37,-2,74,68,-6,319,238,-81,846,849,-3,826,828,-2,881,883,-2
Rajasthan,Jaisalmer,24.2,23.9,-0.3,6.7,6.6,-0.1,58,53,-5,30,28,-2,78,74,-4,322,262,-60,841,846,-5,827,832,-5,851,855,-4
Rajasthan,Jalor,27.9,27.4,-0.5,7.4,7.2,-0.2,79,74,-5,58,54,-4,99,94,-5,322,262,-60,882,882,0,882,887,-5,1055,1052,3
Rajasthan,Jhalawar,25,24.8,-0.2,7.8,7.6,-0.2,65,63,-2,47,47,0,82,80,-2,343,261,-82,864,875,-11,883,893,-10,928,939,-11
Rajasthan,Jhunjhunun,23.3,23.2,-0.1,5.9,5.8,-0.1,54,52,-2,39,36,-3,74,72,-2,319,238,-81,914,917,-3,847,853,-6,961,961,0
Rajasthan,Jodhpur,23.9,23.9,0,6.3,6.2,-0.1,54,50,-4,35,33,-2,71,67,-4,322,262,-60,909,913,-4,870,875,-5,913,916,-3
Rajasthan,Karauli,27.5,27.2,-0.3,6.2,6.2,0,68,67,-1,44,43,-1,80,79,-1,292,251,-41,830,838,-8,847,856,-9,827,833,-6
Rajasthan,Kota,22,21.6,-0.4,5.7,5.6,-0.1,36,35,-1,25,25,0,45,44,-1,343,261,-82,846,869,-23,855,862,-7,906,909,-3
Rajasthan,Nagaur,23.4,23.4,0,6.5,6.5,0,59,55,-4,42,41,-1,75,72,-3,338,293,-45,844,850,-6,860,868,-8,922,929,-7
Rajasthan,Pali,23.5,22.8,-0.7,6.8,6.6,-0.2,55,54,-1,39,38,-1,78,76,-2,322,262,-60,883,886,-3,900,904,-4,983,990,-7
Rajasthan,Rajsamand,28.1,27.5,-0.6,8.7,8.3,-0.4,65,61,-4,41,38,-3,89,84,-5,364,285,-79,836,830,6,845,846,-1,1030,1020,10
Rajasthan,Sawai Madhopur,27.4,27.1,-0.3,7.4,7.2,-0.2,67,66,-1,46,47,1,78,79,1,292,251,-41,782,800,-18,789,804,-15,872,880,-8
Rajasthan,Sikar,24,23.5,-0.5,6.1,5.9,-0.2,56,53,-3,32,31,-1,82,79,-3,319,238,-81,856,856,0,857,859,-2,960,960,0
Rajasthan,Sirohi,24.1,24,-0.1,6.9,7,0.1,62,63,1,41,41,0,85,84,-1,322,262,-60,887,897,-10,875,884,-9,1002,1003,-1
Rajasthan,Tonk,23.3,23,-0.3,7.6,7.5,-0.1,51,55,4,33,35,2,73,78,5,338,293,-45,925,944,-19,910,929,-19,905,910,-5
Rajasthan,Udaipur,29.9,29.3,-0.6,8.2,8,-0.2,62,61,-1,40,40,0,88,88,0,364,285,-79,870,871,-1,865,862,3,982,982,0
Uttar Pradesh,Uttar Pradesh Total,25.5,25,-0.5,8.6,8.4,-0.2,71,70,-1,50,50,0,94,92,-2,345,300,-45,904,908,-4,913,914,-1,943,944,-1
Uttar Pradesh,Agra,24.3,23.9,-0.4,7.2,6.8,-0.4,51,53,2,34,36,2,68,70,2,281,167,-114,792,811,-19,821,809,12,870,869,1
Uttar Pradesh,Aligarh,26.9,26.5,-0.4,7.5,7.6,0.1,68,72,4,47,50,3,85,89,4,371,314,-57,1023,1040,-17,988,984,4,909,909,0
Uttar Pradesh,Allahabad,26.6,25.7,-0.9,9.9,9.4,-0.5,88,87,-1,64,64,0,115,112,-3,442,366,-76,920,909,11,957,963,-6,1012,1013,-1
Uttar Pradesh,Ambedkar Nagar,25.2,24.5,-0.7,9.9,9.2,-0.7,72,67,-5,55,49,-6,90,81,-9,451,437,-14,906,909,-3,935,937,-2,1114,1113,1
Uttar Pradesh,Auraiya,24.7,24.1,-0.6,8.9,8.7,-0.2,58,58,0,41,41,0,86,85,-1,267,250,-17,850,853,-3,880,877,3,873,877,-4
Uttar Pradesh,Azamgarh,24.4,23.9,-0.5,9.9,9.3,-0.6,79,75,-4,60,57,-3,95,90,-5,385,345,-40,853,866,-13,900,908,-8,1097,1098,-1
Uttar Pradesh,Baghpat,22.8,22.5,-0.3,9.4,9.6,0.2,54,54,0,35,36,1,72,73,1,255,203,-52,935,953,-18,903,870,33,863,858,5
Uttar Pradesh,Bahraich,32.2,31.8,-0.4,7.6,8,0.4,66,65,-1,45,44,-1,101,100,-1,434,367,-67,960,964,-4,962,963,-1,891,896,-5
Uttar Pradesh,Ballia,24.1,23.7,-0.4,8.3,7.9,-0.4,72,69,-3,54,52,-2,90,84,-6,385,345,-40,834,845,-11,860,866,-6,978,981,-3
Uttar Pradesh,Balrampur,36.3,35.6,-0.7,11.2,10.6,-0.6,93,89,-4,64,61,-3,128,123,-5,434,367,-67,962,963,-1,941,944,-3,1039,1039,0
Uttar Pradesh,Banda,27.7,27.5,-0.2,9.5,9.3,-0.2,60,55,-5,36,34,-2,95,91,-4,306,287,-19,904,902,2,895,896,-1,925,924,1
Uttar Pradesh,Barabanki,26,25.5,-0.5,7.6,7.7,0.1,71,71,0,55,55,0,95,96,1,451,437,-14,930,926,4,922,923,-1,893,895,-2
Uttar Pradesh,Bareilly,27,26.1,-0.9,9.1,8.8,-0.3,78,78,0,49,51,2,107,105,-2,437,331,-106,950,986,-36,934,941,-7,887,888,-1
Uttar Pradesh,Basti,27.6,27,-0.6,11.3,11.1,-0.2,84,81,-3,62,60,-2,109,106,-3,412,403,-9,874,888,-14,893,900,-7,1062,1065,-3
Uttar Pradesh,Bijnor,24.5,24,-0.5,7.9,7.8,-0.1,62,60,-2,44,45,1,78,77,-1,339,282,-57,831,834,-3,883,889,-6,959,962,-3
Uttar Pradesh,Budaun,30.9,30.7,-0.2,9.3,9.3,0,91,88,-3,58,64,6,112,109,-3,437,331,-106,841,824,17,903,922,-19,912,914,-2
Uttar Pradesh,Bulandshahr,26.3,26.4,0.1,9.4,9.1,-0.3,67,68,1,44,47,3,92,92,0,255,203,-52,973,980,-7,917,918,-1,912,913,-1
Uttar Pradesh,Chandauli,26.4,25.8,-0.6,10.1,9.5,-0.6,81,79,-2,60,58,-2,108,103,-5,346,343,-3,928,931,-3,941,951,-10,986,988,-2
Uttar Pradesh,Chitrakoot,25.1,24.6,-0.5,8.9,8.6,-0.3,69,69,0,49,48,-1,125,122,-3,306,287,-19,935,933,2,928,928,0,909,910,-1
Uttar Pradesh,Deoria,26.6,25.9,-0.7,11,10.3,-0.7,75,70,-5,59,55,-4,93,86,-7,354,315,-39,981,982,-1,958,958,0,1171,1172,-1
Uttar Pradesh,Etah,28.4,27.9,-0.5,7.8,7.8,0,73,71,-2,50,51,1,93,90,-3,371,314,-57,934,893,41,934,916,18,887,888,-1
Uttar Pradesh,Etawah,22.8,22.5,-0.3,8.5,8.2,-0.3,55,56,1,42,41,-1,83,83,0,267,250,-17,875,873,2,882,882,0,857,858,-1
Uttar Pradesh,Faizabad,25.5,24.9,-0.6,11.7,11,-0.7,98,94,-4,72,70,-2,129,124,-5,451,437,-14,821,846,-25,873,884,-11,1011,1012,-1
Uttar Pradesh,Farrukhabad,26.9,26,-0.9,7.7,7.6,-0.1,79,78,-1,56,55,-1,99,97,-2,267,250,-17,882,884,-2,882,880,2,869,869,0
Uttar Pradesh,Fatehpur,23.9,23.3,-0.6,7.3,7.2,-0.1,56,57,1,38,37,-1,81,79,-2,442,366,-76,901,895,6,891,890,1,918,920,-2
Uttar Pradesh,Firozabad,26.1,25.7,-0.4,9.4,9.3,-0.1,62,60,-2,40,38,-2,87,85,-2,281,167,-114,823,821,2,834,833,1,897,893,4
Uttar Pradesh,Gautam Buddha Ngr,24,23.9,-0.1,6.2,6.1,-0.1,56,57,1,35,36,1,68,69,1,255,203,-52,838,853,-15,838,829,9,834,835,-1
Uttar Pradesh,Ghaziabad,21.6,21.3,-0.3,7.2,6.9,-0.3,52,50,-2,35,33,-2,66,63,-3,255,203,-52,894,908,-14,884,875,9,863,861,2
Uttar Pradesh,Ghazipur,24.1,23.4,-0.7,9.4,8.8,-0.6,82,81,-1,66,67,1,102,96,-6,346,343,-3,937,955,-18,940,948,-8,1060,1061,-1
Uttar Pradesh,Gonda,27.1,27.3,0.2,7.8,8.2,0.4,72,71,-1,53,54,1,97,96,-1,434,367,-67,940,941,-1,931,933,-2,902,906,-4
Uttar Pradesh,Gorakhpur,25.1,24.3,-0.8,8.7,8.2,-0.5,61,62,1,44,46,2,82,81,-1,354,315,-39,914,913,1,912,918,-6,1072,1071,1
Uttar Pradesh,Hamirpur,24,23.6,-0.4,7.1,6.8,-0.3,48,45,-3,28,26,-2,65,63,-2,306,287,-19,913,911,2,919,916,3,858,862,-4
Uttar Pradesh,Hardoi,27.9,27.5,-0.4,9.2,9.3,0.1,80,81,1,53,53,0,113,115,2,330,346,16,983,981,2,931,931,0,875,877,-2
Uttar Pradesh,Hathras,24.1,23.7,-0.4,8.8,8.8,0,57,61,4,38,40,2,82,82,0,371,314,-57,870,871,-1,874,872,2,868,868,0
Uttar Pradesh,Jalaun,22.7,22.5,-0.2,8.4,8.5,0.1,65,66,1,46,46,0,96,96,0,241,207,-34,955,937,18,908,906,2,877,881,-4
Uttar Pradesh,Jaunpur,22.7,22.5,-0.2,8.5,8.2,-0.3,78,76,-2,60,60,0,101,96,-5,346,343,-3,864,862,2,912,916,-4,1025,1027,-2
Uttar Pradesh,Jhansi,19.6,19,-0.6,6.9,6.7,-0.2,42,42,0,33,30,-3,61,60,-1,241,207,-34,847,852,-5,871,871,0,873,875,-2
Uttar Pradesh,Jyotiba Phule Nagar,26.5,26.4,-0.1,8,8.1,0.1,66,73,7,45,55,10,85,92,7,339,282,-57,835,839,-4,866,860,6,932,930,2
Uttar Pradesh,Kannauj,23.8,23.5,-0.3,9.3,9.4,0.1,78,81,3,55,56,1,99,102,3,267,250,-17,894,905,-11,912,916,-4,886,888,-2
Uttar Pradesh,Kanpur Dehat,20.2,19.5,-0.7,8.9,8.8,-0.1,65,65,0,43,40,-3,97,96,-1,267,250,-17,955,956,-1,962,962,0,875,874,1
Uttar Pradesh,Kanpur Nagar,18,17.3,-0.7,6.1,6,-0.1,36,37,1,24,24,0,52,50,-2,267,250,-17,889,889,0,899,898,1,871,874,-3
Uttar Pradesh,Kaushambi,30,29.2,-0.8,11.4,10.8,-0.6,83,83,0,59,61,2,128,126,-2,442,366,-76,859,865,-6,894,907,-13,1026,1028,-2
Uttar Pradesh,Kheri,27.4,26.7,-0.7,8.4,8.1,-0.3,79,78,-1,54,54,0,117,116,-1,330,346,16,924,922,2,911,910,1,885,888,-3
Uttar Pradesh,Kushinagar,30.2,29.4,-0.8,10.1,9.6,-0.5,83,80,-3,62,62,0,106,99,-7,354,315,-39,915,918,-3,941,949,-8,1130,1134,-4
Uttar Pradesh,Lalitpur,27.3,26.9,-0.4,7.9,7.8,-0.1,73,72,-1,53,53,0,114,113,-1,241,207,-34,931,926,5,906,904,2,885,889,-4
Uttar Pradesh,Lucknow,18.8,18.4,-0.4,6.8,6.5,-0.3,45,44,-1,27,27,0,60,57,-3,330,346,16,874,874,0,886,886,0,895,898,-3
Uttar Pradesh,Maharajganj,29,28.2,-0.8,10.5,9.8,-0.7,87,84,-3,69,66,-3,110,105,-5,354,315,-39,916,927,-11,965,975,-10,1127,1130,-3
Uttar Pradesh,Mahoba,25.6,24.7,-0.9,7.4,7.2,-0.2,48,47,-1,33,32,-1,71,70,-1,306,287,-19,886,874,12,860,861,-1,885,887,-2
Uttar Pradesh,Mainpuri,23.8,23.7,-0.1,10.2,10.4,0.2,54,54,0,32,34,2,79,82,3,281,167,-114,956,1006,-50,904,897,7,883,877,6
Uttar Pradesh,Mathura,22.7,22.7,0,7.8,7.7,-0.1,46,45,-1,35,34,-1,61,60,-1,281,167,-114,790,816,-26,838,872,-34,873,873,0
Uttar Pradesh,Mau,22.3,21.4,-0.9,9,8.6,-0.4,76,76,0,58,60,2,97,93,-4,385,345,-40,863,885,-22,917,927,-10,1035,1031,4
Uttar Pradesh,Meerut,24.6,24.3,-0.3,6.4,6.4,0,56,52,-4,35,33,-2,66,62,-4,255,203,-52,842,851,-9,865,864,1,896,899,-3
Uttar Pradesh,Mirzapur,22.2,21.7,-0.5,8.7,8.5,-0.2,83,81,-2,60,59,-1,111,110,-1,308,237,-71,852,870,-18,873,881,-8,963,963,0
Uttar Pradesh,Moradabad,25.8,25.4,-0.4,8,8.2,0.2,65,65,0,44,46,2,82,83,1,339,282,-57,1030,1050,-20,975,940,35,901,900,1
Uttar Pradesh,Muzaffarnagar,24.2,23.8,-0.4,9,8.9,-0.1,54,55,1,36,39,3,72,74,2,337,234,-103,870,871,-1,870,861,9,885,886,-1
Uttar Pradesh,Pilibhit,25.8,25.7,-0.1,8.7,9,0.3,74,74,0,54,53,-1,95,95,0,437,331,-106,935,948,-13,926,932,-6,886,889,-3
Uttar Pradesh,Pratapgarh,24.9,24.3,-0.6,10.4,10,-0.4,88,85,-3,66,63,-3,113,109,-4,442,366,-76,940,952,-12,985,1003,-18,1134,1138,-4
Uttar Pradesh,Rae Bareli,22.6,22.1,-0.5,7.9,7.9,0,55,53,-2,33,33,0,81,78,-3,330,346,16,893,889,4,912,912,0,946,947,-1
Uttar Pradesh,Rampur,25.6,25.3,-0.3,9.2,9.3,0.1,64,64,0,47,47,0,92,91,-1,339,282,-57,875,883,-8,925,919,6,906,906,0
Uttar Pradesh,Saharanpur,26.6,26.3,-0.3,9.2,8.9,-0.3,78,79,1,54,57,3,99,103,4,337,234,-103,899,906,-7,921,917,4,917,918,-1
Uttar Pradesh,Sant Kabir Nagar,31.1,30.4,-0.7,10.7,10.1,-0.6,65,62,-3,49,48,-1,97,93,-4,412,403,-9,899,898,1,982,985,-3,1169,1173,-4
Uttar Pradesh,Sant Ravidas Nagar Bhadohi,25.3,24.3,-1,7.5,7.3,-0.2,80,81,1,58,59,1,109,107,-2,308,237,-71,858,870,-12,895,910,-15,991,995,-4
Uttar Pradesh,Shahjahanpur,28.5,28.4,-0.1,8,7.9,-0.1,87,82,-5,63,58,-5,106,101,-5,437,331,-106,887,904,-17,918,917,1,853,851,2
Uttar Pradesh,Shrawasti,40.9,40.2,-0.7,12.6,12.2,-0.4,103,100,-3,73,70,-3,142,135,-7,434,367,-67,871,883,-12,891,900,-9,979,982,-3
Uttar Pradesh,Siddharthnagar,38,37.6,-0.4,11.4,11.3,-0.1,91,87,-4,70,69,-1,121,118,-3,412,403,-9,927,915,12,954,950,4,1173,1173,0
Uttar Pradesh,Sitapur,28.4,28,-0.4,9,8.8,-0.2,82,80,-2,57,54,-3,120,116,-4,330,346,16,995,994,1,983,982,1,881,881,0
Uttar Pradesh,Sonbhadra,28.7,28,-0.7,9.2,8.9,-0.3,62,68,6,45,49,4,96,99,3,308,237,-71,972,952,20,945,945,0,953,951,2
Uttar Pradesh,Sultanpur,22.8,22,-0.8,7.4,7.5,0.1,48,46,-2,29,30,1,68,67,-1,451,437,-14,953,938,15,941,940,1,985,984,1
Uttar Pradesh,Unnao,21.8,21.2,-0.6,7.1,6.9,-0.2,59,58,-1,39,36,-3,84,83,-1,330,346,16,940,937,3,931,928,3,884,888,-4
Uttar Pradesh,Varanasi,19.9,19.3,-0.6,8.1,7.7,-0.4,78,76,-2,53,54,1,101,97,-4,346,343,-3,810,820,-10,841,850,-9,918,920,-2
Uttarakhand,Uttarakhand Total,18.6,18.2,-0.4,6.6,6.4,-0.2,43,41,-2,30,29,-1,53,50,-3,188,162,-26,866,866,0,877,880,-3,992,995,-3
Uttarakhand,Almora,16.3,16,-0.3,6.1,5.9,-0.2,20,20,0,13,14,1,25,25,0,183,181,-2,874,876,-2,896,900,-4,1131,1140,-9
Uttarakhand,Bageshwar,14.7,14.5,-0.2,7.2,7,-0.2,31,31,0,19,19,0,39,38,-1,183,181,-2,823,827,-4,880,880,0,1089,1097,-8
Uttarakhand,Chamoli,17.7,17.4,-0.3,5.3,5.2,-0.1,27,27,0,18,19,1,30,30,0,190,155,-35,857,859,-2,879,880,-1,1045,1050,-5
Uttarakhand,Champawat,17.3,17,-0.3,5.4,5.5,0.1,37,35,-2,25,24,-1,44,42,-2,183,181,-2,880,880,0,888,885,3,1017,1019,-2
Uttarakhand,Dehradun,17.9,17.1,-0.8,6.9,6.6,-0.3,37,37,0,25,27,2,45,44,-1,190,155,-35,836,853,-17,865,878,-13,944,947,-3
Uttarakhand,Haridwar,22.7,22.1,-0.6,7.9,7.5,-0.4,72,67,-5,50,46,-4,94,84,-10,190,155,-35,870,869,1,847,851,-4,881,883,-2
Uttarakhand,Nainital,16.8,16.8,0,5.5,5.4,-0.1,31,30,-1,21,21,0,38,37,-1,183,181,-2,918,916,2,882,886,-4,910,915,-5
Uttarakhand,Pauri Garhwal,19.9,19.2,-0.7,8.4,8,-0.4,43,41,-2,29,28,-1,51,48,-3,190,155,-35,885,870,15,912,908,4,1134,1136,-2
Uttarakhand,Pithoragarh,14.7,15,0.3,6,6,0,20,20,0,12,12,0,24,23,-1,183,181,-2,764,766,-2,817,819,-2,1067,1067,0
Uttarakhand,Rudraprayag,16.4,16.6,0.2,6,5.9,-0.1,19,20,1,11,12,1,26,28,2,190,155,-35,861,855,6,894,897,-3,1194,1197,-3
Uttarakhand,Tehri Garhwal,22.4,21.6,-0.8,9.3,8.8,-0.5,61,58,-3,43,41,-2,76,70,-6,190,155,-35,890,877,13,922,916,6,1220,1221,-1
Uttarakhand,Udham Singh Nagar,18.6,18.5,-0.1,5.4,5.4,0,37,36,-1,28,27,-1,44,43,-1,183,181,-2,867,868,-1,877,877,0,904,909,-5
Uttarakhand,Uttarkashi,16.1,15.7,-0.4,4.6,4.6,0,38,42,4,23,26,3,47,49,2,190,155,-35,868,871,-3,921,928,-7,996,999,-3
